team_id	code	type	player	x	y	min	sec	period
174	44	0aerial_duel_lost	18498	71.2	25.5	0	7	1
174	5	0ball_out	18498	77	-1.7	0	12	1
178	5	0ball_out	171101	70	-1.2	0	45	1
178	12	0despeje_clearance	52356	29.5	85.1	1	6	1
178	5	0ball_out	52356	25.2	101.3	1	7	1
174	44	0aerial_duel_lost	18498	64.2	42.4	1	27	1
178	61	0mal_control	179271	28.1	83.9	2	9	1
178	74	0blocked_pass	179271	27	90.3	2	11	1
178	5	0ball_out	52356	27.9	102	2	13	1
174	5	0ball_out	140266	100.6	18.7	2	25	1
174	44	0aerial_duel_lost	242830	61	32	2	47	1
178	5	0ball_out	76650	25.4	101.8	3	19	1
178	8	0interception	200402	43.5	12.3	3	35	1
178	61	0mal_control	76650	67.6	96.8	4	31	1
178	5	0ball_out	76650	71.2	101.5	4	32	1
174	74	0blocked_pass	197334	80	8.3	4	53	1
178	74	0blocked_pass	171101	1.9	81.7	4	58	1
178	12	0despeje_clearance	209712	9.3	63.7	5	33	1
178	5	0ball_out	209712	21.2	101.8	5	35	1
178	12	0despeje_clearance	52356	1.8	94.1	5	58	1
178	5	0ball_out	52356	4.8	101	6	0	1
174	5	0ball_out	183462	62.6	101.8	6	16	1
178	51	0error_opponent_shot	219438	45.4	7.1	6	28	1
174	15	attempt_saved	197334	73.2	58.8	6	32	1
174	13	miss	18498	94.2	35.3	7	10	1
174	5	0ball_out	18498	101.1	49.8	7	11	1
174	5	0ball_out	197319	6.8	101.6	8	4	1
174	12	0despeje_clearance	140266	2.4	20.4	9	44	1
174	12	0despeje_clearance	183462	17.2	9.7	10	18	1
174	12	0despeje_clearance	18498	7.8	46.7	10	42	1
178	5	0ball_out	52356	101.6	80.2	10	45	1
178	44	0aerial_duel_lost	76650	40.2	70	11	25	1
178	12	0despeje_clearance	171101	18.3	46.3	12	13	1
174	56	0me_cortan_balon_cuerpo	59062	0	0	13	17	1
178	5	0ball_out	39336	101.2	89.2	13	18	1
178	61	0mal_control	179271	41.5	68.2	14	1	1
174	15	attempt_saved	197334	90.9	68.4	14	22	1
178	50	0dispossessed	86157	38.7	56.5	14	30	1
174	8	0interception	42670	21.1	96.8	14	43	1
174	8	0interception	42670	7.9	81.2	14	58	1
178	5	0ball_out	200402	101.2	31.1	15	0	1
174	8	0interception	42670	31.1	76.3	15	57	1
178	8	0interception	52356	26.5	56.1	16	1	1
174	12	0despeje_clearance	242830	12.8	39.2	16	31	1
174	56	0me_cortan_balon_cuerpo	140264	0	0	17	11	1
178	5	0ball_out	219438	100.6	25.6	17	12	1
174	44	0aerial_duel_lost	18498	60	68.2	17	50	1
178	44	0aerial_duel_lost	219438	41.2	20	17	53	1
174	74	0blocked_pass	183462	38	30.1	18	11	1
174	74	0blocked_pass	140266	25.6	33.2	18	13	1
178	5	0ball_out	39336	101	71.7	18	24	1
174	44	0aerial_duel_lost	59062	98.8	16.7	18	59	1
178	5	0ball_out	76650	66.6	101.6	19	50	1
178	8	0interception	209712	38.5	74.1	20	4	1
174	44	0aerial_duel_lost	140266	41.6	25.4	20	24	1
178	44	0aerial_duel_lost	86157	44	29.4	21	35	1
174	50	0dispossessed	59062	73	21.6	21	50	1
178	12	0despeje_clearance	18221	9.8	38	22	27	1
178	74	0blocked_pass	200402	26.7	26.7	22	42	1
174	5	0ball_out	140264	101	15.7	23	33	1
178	5	0ball_out	52356	76.6	101.9	24	34	1
178	44	0aerial_duel_lost	76650	45.9	73.8	25	58	1
178	12	0despeje_clearance	18221	10	36.9	26	41	1
178	74	0blocked_pass	200402	35.9	18.6	26	52	1
178	5	0ball_out	179271	37.8	-1.8	27	1	1
174	12	0despeje_clearance	140264	11.2	36.1	28	49	1
174	5	0ball_out	140264	6.3	-1.8	28	54	1
178	5	0ball_out	200402	100.8	15.4	29	23	1
178	44	0aerial_duel_lost	209712	40.4	23	30	1	1
174	61	0mal_control	197334	69.8	77.5	30	3	1
174	8	0interception	42670	59.8	86.2	30	16	1
174	15	attempt_saved	183462	70.5	60.8	30	20	1
174	44	0aerial_duel_lost	197334	44.4	43.2	31	27	1
174	51	0error_opponent_shot	183462	28.7	36.6	31	31	1
178	14	post	39336	88.2	60	31	33	1
174	12	0despeje_clearance	197319	7.5	50.6	31	34	1
174	5	0ball_out	76012	100.8	73.8	31	46	1
174	44	0aerial_duel_lost	18498	69	15.4	32	1	1
174	5	0ball_out	212769	20.8	101.6	33	40	1
174	44	0aerial_duel_lost	18498	92.3	55.7	34	21	1
174	15	attempt_saved	18498	89	40.8	35	56	1
174	61	0mal_control	18498	71.2	70.5	36	23	1
174	44	0aerial_duel_lost	18498	69.8	71.4	36	24	1
178	18	player_off	39336	0	0	36	30	1
178	19	player_in	92819	0	0	36	30	1
174	8	0interception	18498	39.8	72.4	37	19	1
174	56	0me_cortan_balon_cuerpo	59062	0	0	37	51	1
178	5	0ball_out	219438	94.5	101.1	37	52	1
178	8	0interception	209712	60.8	93.8	38	22	1
178	44	0aerial_duel_lost	171101	56.4	80	38	23	1
174	13	miss	183462	72.1	55	38	43	1
174	5	0ball_out	183462	101	58.1	38	44	1
174	44	0aerial_duel_lost	59062	63.2	30.2	40	18	1
178	74	0blocked_pass	76650	94.9	3.2	41	32	1
178	5	0ball_out	76650	91	-2	41	32	1
178	44	0aerial_duel_lost	18221	58.2	8.1	42	1	1
174	61	0mal_control	18498	36.7	90.5	42	4	1
178	61	0mal_control	219438	65.3	94.1	42	26	1
178	74	0blocked_pass	219438	66.6	96.6	42	29	1
178	5	0ball_out	219438	70.2	101.7	42	30	1
178	15	attempt_saved	92819	79.7	30.3	43	17	1
178	44	0aerial_duel_lost	92819	64.2	69.8	43	25	1
178	44	0aerial_duel_lost	200402	20.6	22.8	44	22	1
178	12	0despeje_clearance	18221	10.4	40.6	44	24	1
178	12	0despeje_clearance	18221	2.9	44.8	45	5	1
174	61	0mal_control	183462	89.4	98.3	45	10	1
174	5	0ball_out	183462	82.6	101.3	45	16	1
174	74	0blocked_pass	183462	74.9	95.2	45	38	1
174	5	0ball_out	183462	78.8	101.8	45	39	1
178	44	0aerial_duel_lost	92819	38	11.4	45	49	1
174	44	0aerial_duel_lost	76012	61.8	89	45	51	1
174	8	0interception	197319	42.2	85	45	59	1
178	18	player_off	179271	0	0	45	0	2
178	19	player_in	34703	0	0	45	0	2
178	61	0mal_control	219438	73.8	73.9	45	37	2
174	74	0blocked_pass	242830	24.1	38.3	46	40	2
174	44	0aerial_duel_lost	18498	50.4	21.6	47	25	2
174	8	0interception	183462	7.3	22.5	48	34	2
174	44	0aerial_duel_lost	140264	6.7	36.2	48	57	2
178	13	miss	34703	93.2	60.8	48	58	2
178	5	0ball_out	34703	101.2	47.6	49	0	2
174	5	0ball_out	212769	55.2	-1.2	49	37	2
174	44	0aerial_duel_lost	76012	61.2	91	49	58	2
174	44	0aerial_duel_lost	197334	49.4	34.8	50	39	2
178	44	0aerial_duel_lost	86157	64.6	70	50	42	2
178	15	attempt_saved	92819	94.5	67.5	51	29	2
174	12	0despeje_clearance	212769	3.3	53.8	52	0	2
174	44	0aerial_duel_lost	59062	3.4	63.1	52	27	2
178	13	miss	76650	96.7	35.1	52	28	2
178	5	0ball_out	76650	101.8	39.9	52	29	2
178	61	0mal_control	86157	17.5	66.1	53	35	2
174	13	miss	183462	77.5	43.9	53	36	2
174	5	0ball_out	183462	100.8	47.2	53	37	2
178	50	0dispossessed	34703	27.9	3.6	53	57	2
174	5	0ball_out	140264	74	101.8	53	58	2
174	61	0mal_control	59062	7.9	23.9	54	49	2
178	5	0ball_out	34703	101.2	78	55	11	2
174	13	miss	197334	92.6	31.3	55	47	2
174	5	0ball_out	197334	101.2	43.4	55	48	2
178	61	0mal_control	92819	31.4	25.9	56	42	2
178	44	0aerial_duel_lost	86157	34.8	24.9	56	44	2
174	50	0dispossessed	76012	62.2	76.2	56	47	2
174	44	0aerial_duel_lost	76012	64.9	73.6	56	48	2
174	8	0interception	140264	27.5	48.2	58	18	2
174	61	0mal_control	197334	54.4	27.9	58	22	2
174	44	0aerial_duel_lost	18498	30.2	41	58	32	2
174	12	0despeje_clearance	242830	6.7	51.5	59	18	2
178	13	miss	92819	80.6	42.7	59	20	2
178	5	0ball_out	92819	101.2	64.7	59	20	2
178	44	0aerial_duel_lost	18221	29.3	58	59	54	2
174	13	miss	42670	72.7	46.7	61	25	2
174	5	0ball_out	42670	101.5	55.9	61	26	2
174	74	0blocked_pass	18498	71.1	97.5	61	48	2
174	5	0ball_out	18498	72.2	101.5	61	49	2
174	8	0interception	140264	59.3	70.6	62	9	2
178	5	0ball_out	200402	101	27.4	62	17	2
178	5	0ball_out	34703	67.6	-1.4	63	11	2
174	74	0blocked_pass	76012	60.3	95.1	63	38	2
174	44	0aerial_duel_lost	242830	50.8	28.8	63	57	2
178	5	0ball_out	18221	59.2	-1.6	64	29	2
174	5	0ball_out	59062	100.9	88.1	64	54	2
174	18	player_off	59062	0	0	65	26	2
174	19	player_in	439772	0	0	65	26	2
178	50	0dispossessed	200402	26.2	7	65	42	2
178	44	0aerial_duel_lost	200402	26.8	4.2	65	43	2
178	12	0despeje_clearance	171101	8.7	54.9	66	29	2
178	12	0despeje_clearance	76650	11.2	64.2	66	31	2
178	12	0despeje_clearance	18221	12.7	55.2	66	34	2
174	44	0aerial_duel_lost	197334	84.2	52	66	38	2
178	12	0despeje_clearance	34703	17.1	47.9	66	40	2
174	44	0aerial_duel_lost	197319	75.4	68.6	66	45	2
174	12	0despeje_clearance	140264	14.3	30.3	67	52	2
174	61	0mal_control	140266	25.1	7.6	68	12	2
178	8	0interception	86157	85.2	74.7	69	8	2
178	61	0mal_control	76650	87.7	60.2	69	11	2
174	12	0despeje_clearance	140264	8	36.1	69	12	2
178	13	miss	34703	88.6	60.3	69	14	2
178	5	0ball_out	34703	101.2	55.7	69	16	2
174	5	0ball_out	212769	51	-1.7	69	56	2
174	44	0aerial_duel_lost	183462	35.2	10.9	70	48	2
178	5	0ball_out	219438	101.2	31.3	71	38	2
174	61	0mal_control	197334	64.9	6.4	72	18	2
174	5	0ball_out	197334	64	-1.6	72	19	2
174	74	0blocked_pass	140266	21.8	21	73	24	2
178	61	0mal_control	92819	84.3	5.5	73	39	2
174	50	0dispossessed	42670	17.2	87.6	73	41	2
178	44	0aerial_duel_lost	86157	82	31.6	73	49	2
178	44	0aerial_duel_lost	209712	34.8	87.3	74	27	2
174	12	0despeje_clearance	242830	6.9	40.4	74	55	2
174	5	0ball_out	242830	14.6	-1.5	74	59	2
178	18	player_off	86157	0	0	75	20	2
178	19	player_in	179369	0	0	75	20	2
174	12	0despeje_clearance	197319	13.3	59.7	77	35	2
174	8	0interception	18498	31	24.7	78	9	2
174	61	0mal_control	439772	41.9	41.9	78	14	2
174	8	0interception	140266	14.8	26.2	78	49	2
178	61	0mal_control	52356	68.7	82.6	78	50	2
174	61	0mal_control	18498	25.6	19.2	78	52	2
178	15	attempt_saved	92819	87.3	62.9	78	57	2
178	5	0ball_out	219438	101.4	30.3	79	28	2
174	18	player_off	183462	0	0	80	12	2
174	19	player_in	38394	0	0	80	12	2
178	44	0aerial_duel_lost	209712	41.6	79.6	80	31	2
174	44	0aerial_duel_lost	140264	53.4	32.2	81	15	2
178	15	attempt_saved	76650	88.9	58.7	82	55	2
174	12	0despeje_clearance	18498	7.7	44.5	83	20	2
178	13	miss	76650	90	55	83	28	2
178	5	0ball_out	76650	101.2	43.2	83	28	2
178	44	0aerial_duel_lost	200402	28.5	14.8	84	33	2
178	44	0aerial_duel_lost	76650	9.6	62.8	85	15	2
174	13	miss	197319	91.2	37.1	85	16	2
174	5	0ball_out	197319	101.1	35.6	85	16	2
174	61	0mal_control	42670	64.5	96	85	47	2
174	5	0ball_out	42670	69.4	101.5	85	48	2
178	44	0aerial_duel_lost	52356	44.4	70.6	86	18	2
174	61	0mal_control	140266	64.4	18.3	86	22	2
174	44	0aerial_duel_lost	140264	65.3	41.6	86	32	2
174	18	player_off	197334	0	0	87	14	2
174	19	player_in	14464	0	0	87	14	2
178	44	0aerial_duel_lost	171101	46.7	82.5	87	33	2
178	5	0ball_out	77318	42.8	101.8	87	50	2
174	16	goal	14464	88.6	57.3	88	18	2
174	44	0aerial_duel_lost	76012	36.6	65.5	90	34	2
178	15	attempt_saved	171101	92.6	54.8	91	9	2
178	44	0aerial_duel_lost	209712	94.9	65.4	91	47	2
174	12	0despeje_clearance	140264	4.6	35.8	91	48	2
174	74	0blocked_pass	197319	21.9	74.4	91	51	2
174	5	0ball_out	197319	16.1	101.8	91	53	2
174	12	0despeje_clearance	242830	7.7	46.6	92	15	2
174	12	0despeje_clearance	140266	18.9	26.5	92	21	2
174	5	0ball_out	140266	55.8	-2	92	23	2
174	12	0despeje_clearance	140264	36.1	71.4	92	50	2
174	5	0ball_out	140264	50.2	100.8	92	51	2
178	44	0aerial_duel_lost	209712	85.4	58.4	93	5	2
174	12	0despeje_clearance	18498	14.3	40.4	93	6	2
174	74	0blocked_pass	140266	19.3	10.4	93	7	2
